0.6054688 0.515625
0.3945313 0.4921875
0.05859375 0.34375
0.5976563 0.0703125
0.01171875 0.671875
0.3007813 0.1484375
0.4648438 0.5
0.5039063 0.7265625
0.4179688 0.828125
0.2070313 0.8046875
0.8710938 0.65625
0.4101563 0.3828125
0.8242188 0.984375
0.1132813 0.4609375
0.2773438 0.8125
0.3164063 0.0390625
0.2304688 0.140625
0.01953125 0.1171875
0.6835938 0.96875
0.2226563 0.6953125
0.6367188 0.296875
0.9257813 0.7734375
0.08984375 0.125
0.1289063 0.3515625
0.04296875 0.453125
0.8320313 0.4296875
0.4960938 0.28125
0.03515625 0.0078125
0.4492188 0.609375
0.7382813 0.0859375
0.9023438 0.4375
0.9414063 0.6640625
0.8554688 0.765625
0.6445313 0.7421875
0.3085938 0.59375
0.8476563 0.3203125
0.2617188 0.921875
0.5507813 0.3984375
0.7148438 0.75
0.7539063 0.9765625
0.6679688 0.078125
0.4570313 0.0546875
0.1210938 0.90625
0.6601563 0.6328125
0.07421875 0.234375
0.3632813 0.7109375
0.5273438 0.0625
0.5664063 0.2890625
0.4804688 0.390625
0.2695313 0.3671875
0.9335938 0.21875
0.4726563 0.9453125
0.8867188 0.546875
0.1757813 0.0234375
0.3398438 0.375
0.3789063 0.6015625
0.2929688 0.703125
0.08203125 0.6796875
0.7460938 0.53125
0.2851563 0.2578125
0.6992188 0.859375
0.9882813 0.3359375
0.1523438 0.6875
0.1914063 0.9140625
0.1054688 0.015625
0.8945313 0.9921875
0.5585938 0.84375
0.09765625 0.5703125
0.5117188 0.171875
0.8007813 0.6484375
0.9648438 0
0.00390625 0.2265625
0.9179688 0.328125
0.7070313 0.3046875
0.3710938 0.15625
0.9101563 0.8828125
0.3242188 0.484375
0.6132813 0.9609375
0.7773438 0.3125
0.8164063 0.5390625
0.7304688 0.640625
0.5195313 0.6171875
0.1835938 0.46875
0.7226563 0.1953125
0.1367188 0.796875
0.4257813 0.2734375
0.5898438 0.625
0.6289063 0.8515625
0.5429688 0.953125
0.3320313 0.9296875
0.9960938 0.78125
0.5351563 0.5078125
0.9492188 0.109375
0.2382813 0.5859375
0.4023438 0.9375
0.4414063 0.1640625
0.3554688 0.265625
0.1445313 0.2421875
0.8085938 0.09375
0.3476563 0.8203125
0.7617188 0.421875
0.05078125 0.8984375
0.2148438 0.25
0.2539063 0.4765625
0.1679688 0.578125
0.9570313 0.5546875
0.6210938 0.40625
0.1601563 0.1328125
0.5742188 0.734375
0.8632813 0.2109375
0.02734375 0.5625
0.06640625 0.7890625
0.9804688 0.890625
0.7695313 0.8671875
0.4335938 0.71875
0.9726563 0.4453125
0.3867188 0.046875
0.6757813 0.5234375
0.8398438 0.875
0.8789063 0.1015625
0.7929688 0.203125
0.5820313 0.1796875
0.2460938 0.03125
0.7851563 0.7578125
0.1992188 0.359375
0.4882813 0.8359375
0.6523438 0.1875
0.6914063 0.4140625
